   2.4684233430599268E-002
   2.4975372738782278E-002
   2.4744907863962017E-002
   2.4838443077245167E-002
   2.3585006264278219E-002
   2.4473744350785653E-002
   2.5271899733642522E-002
   2.3707528500575781E-002
   2.2206649983512277E-002
   2.2164409298278627E-002
   2.2005938731563972E-002
   2.1148033043959791E-002
   2.1048797711561009E-002
   2.1752924349600338E-002
   2.2830641346584295E-002
   2.3335815800846288E-002
   2.4483942846922544E-002
   2.4189327953721959E-002
   2.3884697438774138E-002
   2.4243125628417257E-002
   2.7328342524759304E-002
   3.2124542309410385E-002
   3.5212985683650062E-002
   2.8191390092749669E-002
   2.6955085507398179E-002
   2.5355636354437279E-002
   2.5372461899077950E-002
   2.6881392131566401E-002
   2.4806873624778618E-002
   2.5119924379460614E-002
   2.5870537048076275E-002
   2.4087303865946433E-002
   2.3634092055136915E-002
   2.5396610815821466E-002
   2.8876769175844801E-002
   2.7985689010955477E-002
   2.5548745595555908E-002
   2.5704487218969049E-002
   2.5414453176207316E-002
   2.5419027213872850E-002
   2.8142666279945446E-002
   2.5940264723121338E-002
   2.6906631603728259E-002
   2.6763472437557091E-002
   2.6211703875311479E-002
   2.4242780912539418E-002
   2.5712957412249965E-002
   2.7581584270115360E-002
   2.1890319041665197E-002
   2.0970481292782887E-002
   2.2066021040858672E-002
   2.4663936614643191E-002
   2.6452343350031379E-002
   2.6492238366566685E-002
   2.5438939008699722E-002
   2.6044240806744452E-002
   2.5015777671057976E-002
   2.7569699190244459E-002
   2.4914770055457537E-002
   2.6205531742005420E-002
   2.4314181676508326E-002
   2.6940693842558087E-002
   2.2102999903537514E-002
   2.3168377775268510E-002
   2.5172453929322561E-002
   2.6126209106137614E-002
   2.6332961736969113E-002
   2.3686014355493237E-002
   2.0860455681689646E-002
   2.1753724526856331E-002
   2.3689813583203941E-002
   2.3743040989944408E-002
   2.3996422720927439E-002
   2.3078296388354170E-002
   2.3212400411323320E-002
   2.1736539214880824E-002
   2.0994138597790098E-002
   2.2367459543804837E-002
   2.5064271037420038E-002
   2.0521601941407376E-002
   2.1119365767814251E-002
   2.3266468186542301E-002
   2.2656822893531679E-002
   2.3214643084438921E-002
   2.3269922066106612E-002
   2.3808346146752594E-002
   2.6614132486836042E-002
   2.5255745463247815E-002
   2.5515237973473579E-002
   2.5292957831550354E-002
   2.5885759116821266E-002
   2.4694641507984158E-002
   2.2961697724231071E-002
   2.1843653803308577E-002
   2.2151155605865287E-002
   2.3245359347382161E-002
   2.4973740603265779E-002
   2.5227053775933168E-002
   2.9105565469737523E-002
   2.7226335084380906E-002
   2.3423710784776390E-002
   2.7107049325296888E-002
   2.2872453353705354E-002
   2.2997572530818355E-002
   2.4044692693678166E-002
   2.6586599062994931E-002
   2.5865219359139838E-002
   2.5649488445501963E-002
   2.3901588734857766E-002
   2.4038705598966450E-002
   2.8091386550211751E-002
   2.5278931801902299E-002
   2.5174237715243547E-002
   2.5550374777646594E-002
   2.6540375561574993E-002
   2.7526439446002141E-002
   2.8245799448112258E-002
   2.6402401811036001E-002
   2.5339104017924746E-002
   2.3690272705251501E-002
   2.3752720966657963E-002
   2.2793659655015442E-002
   2.4148605605417348E-002
   2.4059352506282869E-002
   2.5044421064313239E-002
   2.4108394805067365E-002
   2.5694830407284906E-002
   2.6494031846385088E-002
   2.4120384744446347E-002
   2.4333687464262128E-002
   2.4477052224602593E-002
   2.2070574936143422E-002
   2.2589377289371378E-002
   2.3210831689124311E-002
   2.1366279958447483E-002
   2.0832734046432759E-002
   1.9697918093088147E-002
   2.0494989777565212E-002
   2.1165987226854227E-002
   2.3227119739206461E-002
   2.3675544074958647E-002
   2.6654852846667024E-002
   2.7583369872068428E-002
   2.7394187958888185E-002
   2.9332983692363548E-002
   2.6310175491880229E-002
   2.6224877209806846E-002
   3.1526516181130615E-002
   2.9653876197418109E-002
   2.8848311821279664E-002
   2.4257799790955992E-002
   2.4360559008004507E-002
   2.7807718464952221E-002
   2.8179973539335646E-002
   3.0502330019148167E-002
   2.7725505697900148E-002
   2.4490828071249755E-002
   2.5559479016769138E-002
   2.4996610827875094E-002
   2.4093217492261624E-002
   2.3884271592454806E-002
   2.8332211856648325E-002
   2.6486627629835818E-002
   2.8391942514145927E-002
   2.8388579300436232E-002
   2.9311312992588500E-002
   2.5287602082613783E-002
   2.5876537288091087E-002
   2.9746346035715462E-002
   2.7073266788606137E-002
   2.8031675664074343E-002
   3.1678228566869172E-002
   2.5579370606414787E-002
   2.3562641402609323E-002
   2.4106106228875587E-002
   2.4328346115656065E-002
   2.6747907384233285E-002
   2.8397383721130438E-002
   2.7114657582341765E-002
   2.6433855594711255E-002
   3.0482800428648794E-002
   2.8405806354454263E-002
   2.6630087901256077E-002
   2.6167222780130298E-002
   2.4879576772397008E-002
   2.3756995891325142E-002
   2.6932363907059591E-002
   2.4698508114795587E-002
   2.6319360093360018E-002
   2.8761313308227329E-002
   2.7646678465596479E-002
   2.4104905706263856E-002
   2.2458731499288714E-002
   2.5202454395818533E-002
   2.4634329079508153E-002
   2.1984575630128744E-002
   2.1840149906249041E-002
   2.1705921657233659E-002
   2.3193464732023793E-002
   2.3162592712006554E-002
   2.3755273464768755E-002
   2.4427117943348686E-002
   2.9076251636711476E-002
   2.8211117839507142E-002
   3.0144072955415810E-002
   2.8380408920940226E-002
   2.7608509197036103E-002
   2.7462389193826087E-002
   2.7067792243025867E-002
   2.9669044686386432E-002
   3.1988575562946923E-002
   3.1885865736698750E-002
   3.2841920469822823E-002
   3.2557361244454283E-002
   2.9842225239723914E-002
   2.9494063830981763E-002
   3.1812400414905219E-002
   3.2505654410542081E-002
   3.5435769675752113E-002
   3.2916284025384816E-002
   3.3930253506662525E-002
   3.5000692826448077E-002
   3.7905497562104436E-002
   3.8908770258274480E-002
   3.6418011179026433E-002
   3.7544698767067244E-002
   3.7711735849493104E-002
   4.2041299680171444E-002
   3.6850336986051106E-002
   3.8240866414685881E-002
   3.7026939726024936E-002
   4.1207127582032710E-002
   4.0325074015843052E-002
   4.1125553476551613E-002
   4.2989235375730184E-002
   4.2348657169126537E-002
   4.2538325122524354E-002
   4.4512421650140258E-002
   4.5672402266992339E-002
   4.9001670006745206E-002
   4.8454113489724282E-002
   4.9412120520868734E-002
   4.6751399035772023E-002
   4.6422660946792593E-002
   4.5404998741597223E-002
   4.8102786872093364E-002
   4.5532546444119609E-002
   4.5777585959648349E-002
   4.5734851989184117E-002
   4.6376427241679320E-002
   4.9293369937237624E-002
   4.5305854483166305E-002
   4.5852251674321810E-002
   4.6230484019054587E-002
   4.6178286860336315E-002
   4.6082449197622673E-002
   4.7968357846323147E-002
   4.9154308331830827E-002
   5.0034243997203534E-002
   5.3521534576379509E-002
   4.8153390891307400E-002
   4.7537516549900988E-002
   4.6323059629927325E-002
   4.6246039036269941E-002
   4.6492280082725650E-002
   4.6985492968148010E-002
   4.7857727158055724E-002
   4.8388866783082768E-002
   4.5226820698959988E-002
   4.6870115890400819E-002
   4.8643355436727591E-002
   4.8719526866320445E-002
   4.8601149544773591E-002
   4.6563541428664305E-002
   4.5704600667852369E-002
   4.6475422411702744E-002
   4.6485161040473913E-002
   4.6308216159833888E-002
   4.5609017973136129E-002
   4.5919296763885231E-002
   4.6316797157857387E-002
   4.5438581585106316E-002
   5.0411678176839052E-002
   5.0897466254306752E-002
   4.6710025599724113E-002
   4.6773330150067835E-002
   4.9336337580706012E-002
   5.1220621961572121E-002
   5.2509745252733643E-002
   5.1628666679519257E-002
   5.3120339270030605E-002
   5.5842613026622100E-002
   5.2574380078621544E-002
   5.0466748087276130E-002
   5.0465759522267707E-002
   4.8615004588032668E-002
   5.1409385516306243E-002
   5.0030065743652270E-002
   4.8506040800784203E-002
   5.1205469664715883E-002
   5.0685307303314713E-002
   5.2599476055159557E-002
   5.1345564209619617E-002
   5.2388233109068420E-002
   5.5587312451396316E-002
   5.4934584966966744E-002
   5.7000323973192324E-002
   5.7067089479264699E-002
   5.5417603028383423E-002
   5.4451078621775360E-002
   5.3728695361741748E-002
   5.3832163109564138E-002
   5.5528179819262578E-002
   5.7003723683794569E-002
   5.8055601454278960E-002
   5.5663290538606289E-002
   5.6414199959992549E-002
   5.5651416820298810E-002
   5.7730108878746376E-002
   6.0840397369948104E-002
   5.9827911738746881E-002
   5.7539349140016308E-002
   5.5208654844991427E-002
   5.4610199322735212E-002
   5.5897065702933721E-002
   5.8250030629106164E-002
   5.8780087475103882E-002
   6.0533197923053221E-002
   5.9239258872629187E-002
   6.1837984988115817E-002
   6.4156199767701233E-002
   6.2546493782103724E-002
   6.0972364650671892E-002
   6.1284936114685794E-002
   6.1022679473909748E-002
   6.1447956496342146E-002
   6.3393322105054578E-002
   6.0313950517530482E-002
   6.3258005396721703E-002
   6.0755162743800668E-002
   5.9199411965326097E-002
   5.7698968264684430E-002
   5.8375587988833230E-002
   5.9453206487647174E-002
   6.0491823318520203E-002
   6.1329622174836444E-002
   6.2412102947744089E-002
   6.0689810632943771E-002
   5.8554463176337238E-002
   5.9371266844795816E-002
   5.8302037250813829E-002
   5.7682401901465626E-002
   6.1034916768244345E-002
   5.8430229735231556E-002
   5.7723260515342087E-002
   6.0295526353142843E-002
   5.9333509549991538E-002
   5.8443731299095490E-002
   5.8996898751169619E-002
   6.0663116075014074E-002
   6.0390605906659636E-002
   5.8813111551637716E-002
   5.8086659402861451E-002
   6.3601630468916620E-002
   6.1355637981551192E-002
   5.9090826487477599E-002
   6.1676978920103750E-002
   5.9541327294571414E-002
   6.1151026770802586E-002
   6.3843201480946452E-002
   6.2066017465703692E-002
   5.7952752683681316E-002
   5.7524295934353001E-002
   6.0196987498781405E-002
   6.4143594192789088E-002
   6.2804656873602274E-002
   5.6621051428660710E-002
   5.8670689908062824E-002
   5.8918123173553431E-002
   5.9749684777453557E-002
   5.8995980164782004E-002
   5.6333761958275601E-002
   5.4698287186516023E-002
   5.5711267162487282E-002
   5.9797735818993704E-002
   5.9255207113400321E-002
   6.2254059953468832E-002
   6.1315201970466242E-002
   6.0729683586668956E-002
   5.8089309026233202E-002
   5.6591451707523568E-002
   5.7830357928354822E-002
   5.6863228697792943E-002
   5.8302066134221717E-002
   6.0896442143392848E-002
   6.4900453830482763E-002
   6.4538282609167677E-002
   6.0885817362987288E-002
   6.1134282215820450E-002
   6.2891026577107753E-002
   5.9211315733393333E-002
   5.8330400462764512E-002
   5.9068763465337966E-002
   5.8225075698583012E-002
   5.7847916130119630E-002
   5.6977629669934395E-002
   5.7486894355685790E-002
   6.1435329717236115E-002
   6.3440282242928595E-002
   6.1485264135566521E-002
   6.3727444255029117E-002
   5.8783652476115104E-002
   5.5661234370962431E-002
   5.6258295953932488E-002
   5.6151264270524782E-002
   5.6374413041851312E-002
   5.8517730797313039E-002
   5.8109602181791793E-002
   5.8313375026262181E-002
   5.6643378292904771E-002
   5.7387284921870507E-002
   5.7630706657767712E-002
   5.6968442257667049E-002
   5.8026850113116098E-002
   5.9835844442252345E-002
   6.0026305070017605E-002
   6.0978505225724518E-002
   5.9612732673140344E-002
   6.3329937775517181E-002
   6.4491735961792016E-002
   5.9079514167753186E-002
   5.8487424552106579E-002
   5.8976468167962474E-002
   5.8853159241141970E-002
   5.7247303882124685E-002
   5.6785018479356617E-002
   5.7156927749973524E-002
   5.7797804646850040E-002
   5.9501991174602233E-002
   5.9574736297569549E-002
   5.8132811932435136E-002
   5.6361366935753776E-002
   5.8130113630740825E-002
   5.7633385250894648E-002
   5.5711583777209334E-002
   5.7207180892948468E-002
   6.0522435247599558E-002
   6.3946620685050720E-002
   6.0893122931461229E-002
   5.8331668275637232E-002
   5.8375230473342754E-002
   5.7703390018819842E-002
   5.8441317812571239E-002
   6.0236204845138128E-002
   5.6995429741849797E-002
   5.6640610463748194E-002
   5.5011124678347664E-002
   5.5253834359859394E-002
   5.3224662970021368E-002
   5.4122512119526900E-002
   5.2614133311225553E-002
   5.3870149381171198E-002
   5.5280053607489485E-002
   5.4982463419522704E-002
   5.3571304022301307E-002
   5.6111103760020625E-002
   5.7749913829068578E-002
   5.6978124363610237E-002
   5.4919276780145861E-002
   5.7381545830017741E-002
   5.7980183076037042E-002
   5.6316630091008693E-002
   5.6683336613276659E-002
   5.7838084016966572E-002
   5.9031113238999393E-002
   5.5741378209717994E-002
   5.4549781425498711E-002
   5.3198722422659175E-002
   5.6210799133469887E-002
   5.5288775202258868E-002
   5.3610864077280704E-002
   5.4239422244160188E-002
   5.5205096772875557E-002
   5.5915791702986675E-002
   5.5406842282504261E-002
   5.9794231931623615E-002
   6.0015246204014369E-002
   5.9073476557994331E-002
   5.4993499511325240E-002
   5.4886596305706373E-002
   5.5537867812559170E-002
   5.5006495631123684E-002
   5.4581024559923336E-002
   5.5835418869724276E-002
   5.9069820468942755E-002
   5.7161503804992742E-002
   5.6201089560604621E-002
   5.4451371014289207E-002
   5.4258084531247711E-002
   5.4557568676113874E-002
   5.6410362748906588E-002
   5.9546012130436143E-002
   5.9923635669899007E-002
   5.8778940826309890E-002
   5.9616708122552188E-002
   5.9869705202565703E-002
   6.0712983698012632E-002
   5.9217766092791550E-002
   5.8272657027913399E-002
   5.6899106207051325E-002
   5.6400738738576463E-002
   5.5263749508380852E-002
   5.4385799777122226E-002
   5.6549078774609990E-002
   5.5636381050672770E-002
   5.6018343665927818E-002
   5.7165416149229431E-002
   5.6897218362377815E-002
   5.5579433117464869E-002
   5.6093452320198134E-002
   5.7478067410105166E-002
   5.4941681087853494E-002
   5.4181461995476042E-002
   5.6132788524549226E-002
   5.6278686011763564E-002
   5.3668530872255635E-002
   5.3514709240879310E-002
   5.4902671889665987E-002
   5.9937065777263071E-002
   5.7245614091134558E-002
   5.7615209884629350E-002
   5.7671406497672752E-002
   5.5850595597624696E-002
   5.6974593282921197E-002
   5.5390832512327792E-002
   5.6479656693878937E-002
   5.9417831918706060E-002
   5.7442008505740161E-002
   5.8071956257315961E-002
   5.7298397011825285E-002
   5.6748865973839019E-002
   6.0964468664494106E-002
   5.7235140898147290E-002
   5.6266030606188587E-002
   5.7585174858065115E-002
   5.8583035251589602E-002
   5.6731754732218191E-002
   5.8490453860318925E-002
   5.8856819215201729E-002
   5.9752405811046141E-002
   5.9945499795424143E-002
   5.6342284793754707E-002
   5.4386294082646169E-002
   5.7926372577971355E-002
   6.5280149690971165E-002
   6.0640468358565562E-002
   5.9632121548556474E-002
   5.9885788341794470E-002
   5.9864907821780382E-002
   5.9863304239088103E-002
   6.0939355147487793E-002
   5.7099593765174865E-002
   5.9456173968962585E-002
   6.0874751253620150E-002
   5.9498167833375873E-002
   6.0155166616824782E-002
   6.1525612301602826E-002
   6.2861414701511450E-002
   6.1682180673957115E-002
   6.2177507174586699E-002
   5.8828897111244817E-002
   5.9844365750573177E-002
   5.8702379930730443E-002
   5.9960956181824593E-002
   5.9923479353327314E-002
   5.8075070569620753E-002
   5.8441078117370260E-002
   5.8229533918108506E-002
   5.4954181274241273E-002
   5.8041286915707820E-002
   5.6260592193394222E-002
   5.9844119060428261E-002
   6.2547769377584508E-002
   6.6327323670350130E-002
   6.1538498283779969E-002
   5.6370975618411638E-002
   5.5893737304131719E-002
   5.5724107801966329E-002
   5.8398723969439924E-002
   5.7270434849218593E-002
   5.8046121218372666E-002
   5.9769272443757925E-002
   6.0364041194836369E-002
   6.1985367379294977E-002
   5.8410327474794077E-002
   5.7956075840599794E-002
   5.9705373643533989E-002
   6.0752498525878433E-002
   5.7141464945810530E-002
   5.7963464372532476E-002
   5.9410942010148307E-002
   5.5279318431748291E-002
   5.5882394432111897E-002
   5.4450377374997652E-002
   5.5760910331534602E-002
   5.7536294428542342E-002
   5.6771301438028152E-002
   5.5557483323612267E-002
   5.7787985784467054E-002
   5.9131782266384748E-002
   5.7042326601285338E-002
   5.6886196065088761E-002
   5.8080316356186511E-002
   6.0515035730793726E-002
   5.9644550135490373E-002
   5.8588920256970385E-002
   5.7608764199328831E-002
   6.4174123149679685E-002
   6.2943948374842962E-002
   5.8853175202132631E-002
   5.8635458605002473E-002
   5.7322170140994694E-002
   5.8912673244155736E-002
   6.1292709446831198E-002
   6.2149561836094346E-002
   6.0569705817052566E-002
   5.5726424539878618E-002
   5.5935359345176239E-002
   5.5030458186327173E-002
   5.3633872561137629E-002
   5.3853912275001782E-002
   5.2487125238345436E-002
   5.2063071635649300E-002
   5.2957169475250844E-002
   5.4464600340149751E-002
   5.4424763602031176E-002
   5.4228473106298428E-002
   5.1674543451761597E-002
   5.2686706410138694E-002
   5.1389657779257032E-002
   5.1473440362904431E-002
   5.1200052146558782E-002
   5.0242717190525046E-002
   5.2772555961956034E-002
   5.1727520117805577E-002
   5.3313644803333053E-002
   5.5047685647704125E-002
   5.5432811351015000E-002
   5.8374849930342247E-002
   5.6239986922697778E-002
   5.5670367406644411E-002
   5.5891534866216327E-002
   5.4147527923201939E-002
   5.3874070569475650E-002
   5.3601228999678341E-002
   5.8397661705919340E-002
   5.4885249380720362E-002
   5.6143324896416782E-002
   5.8770933186258922E-002
   5.8207826860997701E-002
   5.8197699850448578E-002
   5.7674029597226874E-002
   6.2400800545638138E-002
   5.5961210584734508E-002
   5.1868254057312463E-002
   5.1782358463778336E-002
   5.2765733178108204E-002
   5.2278721299601268E-002
   5.3866038188979323E-002
   5.3546365194628305E-002
   5.4288412717571559E-002
   5.7757473806916197E-002
   5.5640661609503601E-002
   5.5958490565342557E-002
   5.6335265178830127E-002
   5.4067437420914743E-002
   5.5013290512411127E-002
   5.6254713191938026E-002
   5.5893027171617690E-002
   5.8028154924775872E-002
   5.5485881669956286E-002
   5.5159153735284315E-002
   5.4675636748569824E-002
   5.4314292197820524E-002
   5.7613721102437870E-002
   5.7109008175673784E-002
   5.5940107337891960E-002
   5.4788125232525485E-002
   5.6685326331867361E-002
   5.6307368548184522E-002
   5.5867114660119087E-002
   5.5296831915880688E-002
   5.5075436169158033E-002
   5.8083364317721591E-002
   6.5314768024913691E-002
   6.2121850224390172E-002
   6.1801843127207060E-002
   5.7363629885258303E-002
   5.4403744510288773E-002
   5.6236314902390172E-002
   5.5723838389661162E-002
   5.6099532213247677E-002
   5.7626628082858636E-002
   5.6984005537853641E-002
   5.9224653917408117E-002
   6.0365828746410895E-002
   5.9096850256284299E-002
   5.9334627910343607E-002
   5.7291639607660677E-002
   5.6683764815418460E-002
   5.5217526827762584E-002
   5.6117123282738338E-002
   5.6177750324657522E-002
   5.8380532392429040E-002
   6.1902043162604559E-002
   5.6292632432643784E-002
   5.5182270792574414E-002
   5.7319449133978399E-002
   5.7830275122927072E-002
   5.5199704290254947E-002
   5.5753422884932409E-002
   5.8279095172572751E-002
   5.6288921632849861E-002
   5.7132874696692877E-002
   5.6300799423532048E-002
   5.7827219471283484E-002
   5.9218146085917439E-002
   6.0135711144529161E-002
   5.6395391797627800E-002
   5.6702017368352217E-002
   5.7834413341337279E-002
   5.5444331279821131E-002
   5.3745239269525354E-002
   5.3650932265259785E-002
   5.3829512451956767E-002
   5.6153796614720433E-002
   5.3767247337690262E-002
   5.4941092721448523E-002
   5.6366503245134827E-002
   5.6729491574551982E-002
   5.3264928508466862E-002
   5.0611757542124311E-002
   4.9390295903396761E-002
   5.0610336576996588E-002
   5.4295995239422870E-002
   5.3886778584240104E-002
   5.1448265759614260E-002
   5.0413204643845549E-002
   5.1234002346629032E-002
   5.1492600803355215E-002
   5.1819916943402149E-002
   5.2176862912660674E-002
   5.2242187148008254E-002
   5.2878573528465943E-002
   5.6544004504874047E-002
   5.3001110776664119E-002
   5.3241057464751197E-002
   5.4258459986022328E-002
   5.2897227659473377E-002
   5.3434878299585216E-002
   5.2926844567177979E-002
   5.3338389444372289E-002
   5.3838310526620518E-002
   5.5072371844745095E-002
   5.5755425814668309E-002
   5.6773587566548891E-002
   5.6661347499496875E-002
   5.3989132984471382E-002
   5.4122538938033815E-002
   5.5891218096376614E-002
   5.6455435452581908E-002
   5.7140120996690011E-002
   5.8279347484465976E-002
   5.7598330145204366E-002
   5.4805698207771626E-002
   5.7003052559337720E-002
   5.8432676318317341E-002
   5.7764046065000137E-002
   5.6794729118299241E-002
   5.6526845068174285E-002
   5.4950051106396822E-002
   5.6220943979596906E-002
   5.6619819634019630E-002
   5.7220213166083861E-002
   5.7138409060679740E-002
   6.0917322969050919E-002
   6.1607868213891553E-002
   5.9500716916348388E-002
   5.9605075399568927E-002
   5.9028907937867386E-002
   5.7991827806011052E-002
   5.6600435714693212E-002
   5.7968399724271570E-002
   5.6412082585563857E-002
   5.5986605640777926E-002
   5.5482222179982360E-002
   5.6022105528583305E-002
   5.5511535839797330E-002
   5.5499226491249706E-002
   5.4950642483575944E-002
   5.6718774435566326E-002
   5.6399588701624689E-002
   5.5442691160300435E-002
   5.5972966842346983E-002
   5.5636924345028670E-002
   5.5091937836388286E-002
   5.5898106250070072E-002
   5.5057277345711961E-002
   5.5180867159182086E-002
   5.6261589936683377E-002
   5.9616664255964152E-002
   6.0501083680342446E-002
   5.7505919221832125E-002
   5.7072500130985179E-002
   5.6264637669918717E-002
   5.7154102050722314E-002
   5.7699144138563078E-002
   6.1551904011166607E-002
   6.0446713720932979E-002
   5.6762205069687599E-002
   5.9171233669599005E-002
   5.7456291203052998E-002
   5.8008826691181771E-002
   6.0839793339792524E-002
   6.1020263741790495E-002
   5.8484342193260770E-002
   6.0332641007974780E-002
   5.8462704822375748E-002
   5.8677059178480574E-002
   6.1145488698276240E-002
   6.4207181009049291E-002
   6.3727159868606359E-002
   6.1070725332800946E-002
   5.8743033744576283E-002
   5.8053404585811826E-002
   6.0820982560339659E-002
   6.7354808041651351E-002
   6.5591455131660953E-002
   6.1789191392726164E-002
   6.3849262993465120E-002
   6.1600100318836455E-002
   6.2427131211731171E-002
   6.1337151156096621E-002
   5.9026923202476538E-002
   5.8125371459113104E-002
   5.8338321533556149E-002
   5.9815709709079783E-002
   6.1120703817912257E-002
   5.8573857667217781E-002
   5.7458662244916449E-002
   5.7837302672341037E-002
   5.8234945005592127E-002
   5.9579386815458921E-002
   6.1684122185246236E-002
   5.9387189770521535E-002
   6.1008259331464247E-002
   6.3496868925092528E-002
   6.4103508115133975E-002
   6.1994830327193391E-002
   6.0517277744557015E-002
   6.4389369171877486E-002
   6.5209397893329968E-002
   6.2669717251943924E-002
   6.5203103968255099E-002
   6.2157630374403521E-002
   6.0733276936393799E-002
   6.1689593854482812E-002
   6.1629900774304289E-002
   5.9417210087857136E-002
   6.2318799943658791E-002
   6.4809957413567307E-002
   6.4178276864735206E-002
   6.1983788686686199E-002
   6.4562870642058762E-002
   6.3954860603636005E-002
   6.3575670599782377E-002
   6.4191905500916024E-002
   6.4948188807360974E-002
   6.3292111191100439E-002
   6.3609180426527245E-002
   6.5730772034972684E-002
   6.8317073092344721E-002
   6.5317933512951301E-002
   6.6100987419568061E-002
   6.7980090554664002E-002
   6.4444012826751745E-002
   6.3698853767892569E-002
   6.2242626128308304E-002
   6.2992645150967100E-002
   6.6756534046496924E-002
   6.7608325542809475E-002
   6.3546701538640435E-002
   6.2455357477942522E-002
   6.2857614486080141E-002
   6.1680320297259526E-002
   6.2691754125028434E-002
   6.4273888651018241E-002
   6.5417827732046255E-002
   6.8962271770787800E-002
   6.8714204989977309E-002
   6.7471989785251665E-002
   6.8734311286414523E-002
   6.9654456645241336E-002
   6.7427618083446064E-002
   6.8055649236485147E-002
   6.7267722918261774E-002
   6.4681713047021028E-002
   6.7785821171704216E-002
   6.8887942764271168E-002
   6.5054885294364137E-002
   6.2523404101433921E-002
   6.6032728215648637E-002
   6.7447797132428447E-002
   6.4159664916646222E-002
   6.4098086513372843E-002
   6.4129739864495591E-002
   6.3650984143012068E-002
   6.1185293965145562E-002
   6.1336523272941014E-002
   6.3259978700194314E-002
   5.9378124019824619E-002
   5.8233347115568192E-002
   5.9417425526103740E-002
   5.8979533278355527E-002
   6.0380571992448138E-002
   6.2086602258216557E-002
   6.0600484247990839E-002
   6.1367190632700602E-002
   6.1450695317798718E-002
   5.9222292753261664E-002
   5.9006229195109706E-002
   6.0999099749716373E-002
   6.2533679883164259E-002
   6.1895797199976441E-002
   5.9779442026241449E-002
   5.7401094944594916E-002
   5.6817419344640005E-002
   5.6131426552082322E-002
   5.7149884154554284E-002
   5.7777350547392206E-002
   5.8431577380348099E-002
   5.8583680478639530E-002
   5.9923668275167229E-002
   6.1011168520992601E-002
   6.1742296093128070E-002
   6.1879308384268951E-002
   6.3018495838157065E-002
   6.7328528834834075E-002
   6.4319419146933982E-002
   6.0015777396131759E-002
   6.1499163213747841E-002
   6.3194039503279884E-002
   6.2272351205553626E-002
   6.0319606416783633E-002
   6.0704533438221693E-002
   6.2768342971345176E-002
   6.3844931793349602E-002
   6.1416153301388082E-002
   6.2051347669705652E-002
   6.2240282925719467E-002
   6.2689529341918737E-002
   6.0573727363349469E-002
   6.1191006866741338E-002
   6.0481910511811114E-002
   6.0938963110713236E-002
   6.2178782346350450E-002
   6.4057123173111158E-002
   6.2604557289011153E-002
   6.1675884304465245E-002
   6.1593437274293228E-002
   6.0351288398373074E-002
   6.2595361282633391E-002
   6.3739882304022916E-002
   6.3079120043076559E-002
   6.1528902034161004E-002
   6.1564173849435973E-002
   6.1942561506539130E-002
   6.0745139710331388E-002
   6.1209210368000935E-002
   6.1072754924815384E-002
   6.0178908449263629E-002
   5.6671909905545027E-002
   5.6740103567492060E-002
   5.9177356965346997E-002
   6.0784837657775648E-002
   6.1873024768593063E-002
   6.1618328041070397E-002
   6.0025284670573525E-002
   5.8791252382584112E-002
   5.8612540253065268E-002
   5.9479658255091342E-002
   6.3111651199301788E-002
   6.1368691462951229E-002
   6.0730982966796701E-002
   6.0882881072874567E-002
   6.3240323272871296E-002
   6.5427104097573421E-002
   5.8629609132913756E-002
   5.8693193478324586E-002
   6.1015164268787635E-002
   6.2441780460165262E-002
   5.8077498504726266E-002
   5.5397470172873060E-002
   5.4855143923625366E-002
   5.6020956964892274E-002
   5.6710427337368752E-002
   5.6363882253720937E-002
   5.4898071495006986E-002
   5.4337835259151021E-002
   5.5636401440667269E-002
   5.4206018612942101E-002
   5.2750466579032942E-002
   5.3988190081114128E-002
   5.5345980086563641E-002
   5.7756008581819340E-002
   5.5343097487133591E-002
   5.4466396126827514E-002
   5.8453066346402391E-002
   5.8908725669597921E-002
   5.8414588169504546E-002
   5.6545395526510868E-002
   5.2863638729770165E-002
   5.4562644553850806E-002
   5.6274311401658769E-002
   5.5437630936307630E-002
   5.5155272857912004E-002
   5.4443113572434511E-002
   5.2356960605082256E-002
   5.0644439068945619E-002
   5.1677639343873455E-002
   5.3023699447017757E-002
   5.3326928450322227E-002
   5.4614818587009319E-002
   5.2621706804499520E-002
   5.4400421126659687E-002
   5.5204243252673695E-002
   5.8212168247736749E-002
   5.4561918565303041E-002
   5.4317323698020725E-002
   5.6560112559482872E-002
   5.5373003411942318E-002
   5.4357053732618454E-002
   5.6397411624691585E-002
   5.5868532014020797E-002
   5.4937201004799673E-002
   5.4592035562536279E-002
   5.4888177883663201E-002
   5.7046023587107739E-002
   5.4726429149141359E-002
   5.6280537423967339E-002
   6.0891343280266394E-002
   5.9389015961083633E-002
   5.6255102972613789E-002
   5.5571692173591217E-002
   5.5649952536389956E-002
   5.3526997250952481E-002
   5.2847524128483356E-002
   5.3341217173114054E-002
   5.5695081576318035E-002
   5.4993239032971500E-002
   5.5628004850920551E-002
   5.4269336845666614E-002
   5.4670469874615789E-002
   5.5118074780782525E-002
   5.5697577708659296E-002
   5.7108501927103018E-002
   5.6168469787388396E-002
   5.3776377272201914E-002
   5.1977107429138636E-002
   5.1942598366718246E-002
   5.4921244356127788E-002
   5.7028605354159767E-002
   5.3096833018482587E-002
   5.2168389374414731E-002
   5.3501998845738384E-002
   5.2986831622471794E-002
   5.3708504299480084E-002
   5.7204510663834612E-002
   5.8869142030286731E-002
   5.6077657514682085E-002
   5.6936599525405134E-002
   5.5149844235325998E-002
   5.6423008305949041E-002
   5.3523887263637777E-002
   5.3907101341418164E-002
   5.5151681517293050E-002
   5.4619951235450916E-002
   5.5140233600368668E-002
   5.7170071875809268E-002
   5.9841065143729742E-002
   5.7189495527166762E-002
   5.6584252143089812E-002
   5.4385607051486123E-002
   5.5613908131033125E-002
   6.2127748233385023E-002
   5.9194101313321631E-002
   5.7257906061828068E-002
   5.3454422826919305E-002
   5.0190112514527617E-002
   4.9620134411934816E-002
   5.1579385338369269E-002
   5.3241249567914831E-002
   5.8032829864710873E-002
   5.8249091590354088E-002
   5.6470479338071020E-002
   5.4461660321974435E-002
   5.5282538600813273E-002
   5.6342048746147302E-002
   5.6759921903597771E-002
   5.6768025114535201E-002
   5.6975775686499711E-002
   5.7108482896425353E-002
   5.7826167901581835E-002
   5.7031857547515295E-002
   5.9539801441532182E-002
   6.0518084249183049E-002
   5.8767375764730997E-002
   6.1390127667226770E-002
   6.0947472215731546E-002
   5.9344446975337195E-002
   5.9716961181683660E-002
   5.9361055451498571E-002
   6.0488816461560041E-002
   5.6728009704142629E-002
   5.5096267985422540E-002
   5.5561450887772611E-002
   5.7703147183220366E-002
   5.7519425465652252E-002
   5.8620017869384478E-002
   5.7620136760991515E-002
   6.2545687155371371E-002
   6.0465597717293089E-002
   5.9260392564524811E-002
   5.8684161998745717E-002
   5.9675840655745015E-002
   5.7745020750206974E-002
   5.8768864290541845E-002
   5.8497481946515828E-002
   5.8731922334849425E-002
   5.6094288297861901E-002
   5.3656748474713994E-002
   5.3402053562879401E-002
   5.4240746246341766E-002
   5.6310903983483165E-002
   5.8054760647439502E-002
   5.7677020441419147E-002
   5.7782192331395518E-002
   6.0346020098691708E-002
   5.7051778551304645E-002
   5.7149060219052368E-002
   5.6207710482974148E-002
   5.8417124213971383E-002
   6.2629806208551478E-002
   5.8289027263561131E-002
   5.5284954514910459E-002
   5.5266160974536779E-002
   5.6687185721590962E-002
   5.4586598351509655E-002
   5.7903136630884297E-002
   5.8172382617256796E-002
   5.7912112181746481E-002
   5.6928948542751039E-002
   5.6954663730855448E-002
   6.0232534517067025E-002
   5.9349955131010490E-002
   5.6276034043288098E-002
   5.5262888483260678E-002
   5.4208153788285078E-002
   5.3823512746568075E-002
   5.4181406796962067E-002
   5.6962270997477013E-002
   5.7079745085973688E-002
   5.6394454550467474E-002
   5.5896469200439593E-002
   5.5022394212536380E-002
   5.7406317213641866E-002
   5.7615309929784655E-002
   5.7541094515057914E-002
   5.6488576611114935E-002
   5.7946970300242706E-002
   5.8746359811668321E-002
   5.8059112683559663E-002
   5.6517283036658553E-002
   5.5655041443353606E-002
   5.7903992631024775E-002
   5.7284739229165445E-002
   5.5919254305007882E-002
   5.5654889542118370E-002
   5.4261608429632194E-002
   5.3595517644734865E-002
   5.4318931761921027E-002
   5.5924970131856273E-002
   5.3458954538484114E-002
   5.2805320937009848E-002
   5.6188636672406832E-002
   5.7387973605063418E-002
   5.5895480839780153E-002
   5.3009000501283356E-002
   5.5287104761844709E-002
   5.7772906163381849E-002
   5.5300991941133221E-002
   5.6464373998314735E-002
   5.6535239828257547E-002
   5.7600005706683159E-002
   5.9373959637754332E-002
   5.8414881282797815E-002
   6.1204046186105442E-002
   6.0534826433093512E-002
   5.7707116974267857E-002
   5.7444690896430964E-002
   5.7098862260578864E-002
   5.6896225107624959E-002
   5.6483185526356720E-002
   5.7348324540394534E-002
   5.7691066636665143E-002
   5.7256850873395326E-002
   5.9628751413404735E-002
   6.1707436384135304E-002
   5.8223252729614691E-002
   5.6515297647322896E-002
   5.4051610246886074E-002
   5.4974873103723287E-002
   5.8982090852155708E-002
   5.6400681073095982E-002
   6.0000217339537067E-002
   6.1208866180748847E-002
   5.7234425766290738E-002
   5.5463528219691180E-002
   5.4912631737318175E-002
   5.5490699183677147E-002
   5.7717503677405468E-002
   6.0209424554925541E-002
   6.3784180073687469E-002
   6.0327196557938376E-002
   5.6457141203893793E-002
   5.4528173248980599E-002
   5.7716428561309589E-002
   5.6974471585032625E-002
   5.7181293282407911E-002
   5.7558603900866222E-002
   5.7101143124982337E-002
   5.5392030636429473E-002
   5.5744006564142565E-002
   5.6454601723116560E-002
   5.4569064296929141E-002
   5.3151793492954957E-002
   5.4129160663862481E-002
   5.7470617398159694E-002
   5.6044734517744048E-002
   5.4513621794710240E-002
   5.4369612794108610E-002
   5.5882081740314823E-002
   5.5185755415207059E-002
   5.7312156731481316E-002
   5.5439148153132729E-002
   5.7077087701484730E-002
   5.9356300579418972E-002
   5.4912943194382065E-002
   5.0985161543745668E-002
   5.0646118823118709E-002
   5.0953741074999566E-002
   5.0625617329761778E-002
   4.9820875110635716E-002
   5.1115263606449593E-002
   5.3440568226289460E-002
   5.3949032054203067E-002
   5.5532908209958542E-002
   5.4666439905705799E-002
   5.3235414270200530E-002
   5.2010110556671235E-002
   5.3043596800759055E-002
   5.4882968989684762E-002
   5.5981530262944182E-002
   5.6912968842672711E-002
   6.2349082965007768E-002
   5.9895465695091250E-002
   5.7223439041506487E-002
   5.5240543545188550E-002
   5.4347540571679648E-002
   5.2950648708430297E-002
   5.4161666246861910E-002
   5.5702425782406424E-002
   5.6747235294166705E-002
   5.6896155537428030E-002
   5.6426804417019791E-002
   5.7003690463999425E-002
   5.8227342950881375E-002
   5.6232065439289214E-002
   5.4426511427701350E-002
   5.6457596812263984E-002
   5.6764290209645629E-002
   5.3404330021228470E-002
   5.5925522213702207E-002
   5.5216010095273473E-002
   5.5874249019073376E-002
   5.7370997885705578E-002
   5.7412720101009639E-002
   5.8027377882387855E-002
   5.5458910016609970E-002
   5.5493240751715474E-002
   5.4781751317689691E-002
   5.3363638751603860E-002
   5.1979524770009333E-002
   5.2513970035741986E-002
   5.3791574073284838E-002
   5.3550229984424956E-002
   5.6546651631200422E-002
   5.5004720398152351E-002
   5.3515148291603788E-002
   5.1154995335045195E-002
   4.9142614549281247E-002
   5.0841861174524612E-002
   5.3310299704044155E-002
   5.6049709635220935E-002
   5.7496476360279637E-002
   5.7959802451024396E-002
   5.7370847879197544E-002
   5.6265539103366145E-002
   5.6674255868292611E-002
   5.5615485245218227E-002
   5.6083867348567872E-002
   5.7342180166651276E-002
   5.6438553547425954E-002
   5.7132958319630209E-002
   5.6808969429799482E-002
   5.4909839741293986E-002
   5.5876279855880291E-002
   5.6219985508436245E-002
   5.5145150786549808E-002
   5.3937617712197967E-002
   5.4336445529908114E-002
   5.6280945176458833E-002
   5.8542356117881895E-002
   5.7703294447839171E-002
   5.9881764452102137E-002
   5.7350597800110599E-002
   5.5484004238997311E-002
   5.5920803144285158E-002
   5.8495805590295512E-002
   5.9954186846809254E-002
   6.1946283211933878E-002
   6.1732055654092156E-002
   5.9503891492008118E-002
   5.8295388416855012E-002
   5.7284675382059273E-002
   5.8455103372359103E-002
   5.6048163665456452E-002
   5.5712665946703391E-002
   5.8596397649579343E-002
   6.0060645203953544E-002
   5.9108342479327544E-002
   5.8898230673416117E-002
   5.5966108719863704E-002
   5.7671952175414459E-002
   5.6280897830519643E-002
   5.5717201778122984E-002
   5.6594367594872401E-002
   5.9273839247270976E-002
   5.8126303118718282E-002
   5.9361261502607392E-002
   6.0504574404307974E-002
   5.5631719034270839E-002
   5.6438713505338037E-002
   5.3848033202959771E-002
   5.3102485975626716E-002
   5.3318358226637441E-002
   5.4249542997839621E-002
   5.4393833679199748E-002
   5.4046967634880899E-002
   5.5544029660455491E-002
   5.7550507525989336E-002
   5.5854505372955096E-002
   5.6350101876490803E-002
   5.7710561123690156E-002
   5.9133297922358344E-002
   5.6893699608827390E-002
   5.6901263882080846E-002
   5.6869699090919150E-002
   5.6493027661183040E-002
   5.6771498083522852E-002
   5.6834100266630459E-002
   5.9969152931271065E-002
   5.8627917437332457E-002
   5.9099050073248942E-002
   5.8428216070252628E-002
   5.8824367577964297E-002
   5.6834027775090307E-002
   5.8695310520067448E-002
   6.1461138410585765E-002
   5.9468569198816636E-002
   5.8731628648479237E-002
   5.6782826072019121E-002
   5.6076439377316031E-002
   6.0089293650375138E-002
   6.5417063810451398E-002
   6.4283533392224826E-002
   6.0395802601283050E-002
   5.8361011421902517E-002
   5.8228640491658552E-002
   5.9648988446543580E-002
   5.9045050804992422E-002
   5.7914800894339598E-002
   5.8291163666610385E-002
   6.4112016839901337E-002
   6.3733885926904515E-002
   5.9733314286088184E-002
   6.0345981485667478E-002
   5.9088235235109823E-002
   6.1110999374350980E-002
   5.9771788955507651E-002
   6.0007931911969091E-002
   5.8428177995227752E-002
   5.7693830458360282E-002
   5.7942013588024817E-002
   5.6256844421397764E-002
   5.6724727944868263E-002
   5.8851679543007580E-002
   5.8623713995703826E-002
   5.7666729682184580E-002
   5.8145691888811135E-002
   5.8188921094616583E-002
   5.7040332037442937E-002
   5.5450529395420903E-002
   5.6450291776291496E-002
   5.8543757991989263E-002
   5.7677622286555139E-002
   5.6889379721771528E-002
   5.8627295897939649E-002
   5.8274507582332505E-002
   5.9262090240667586E-002
   5.8304838419164423E-002
   5.7734749270985895E-002
   5.7840856282850225E-002
   5.5907493055933122E-002
   5.5157276760276618E-002
   5.7702806634844769E-002
   5.9161492164825150E-002
   5.9352198526210848E-002
   6.0084267296072330E-002
   5.9646946795712794E-002
   5.8275222626202175E-002
   5.6978987195395535E-002
   5.7573516961524164E-002
   5.8376135960654205E-002
   5.8166026226789042E-002
   5.8835608225211229E-002
   5.7977881430294045E-002
   6.0345324421128207E-002
   5.9902166109200253E-002
   5.6474225153574018E-002
   5.7250460496748770E-002
   5.6822741429683868E-002
   5.5240219717942671E-002
   5.6599216992443281E-002
   5.5502860552569630E-002
   5.6646518166976148E-002
   5.9390173071045639E-002
   5.7120350111516227E-002
   5.6399813852640542E-002
   5.5723285581093823E-002
   5.8355042500168236E-002
   5.7945377150691264E-002
   5.5306592277908961E-002
   5.5182302725984379E-002
   5.4540809746847281E-002
   5.4109560171420282E-002
   5.4534493164275451E-002
   5.4775844583910001E-002
   5.3303628054453031E-002
   5.4133952826507223E-002
   5.7441128006267640E-002
   5.8815195333406248E-002
   5.4747139256395620E-002
   5.5517176013892007E-002
   5.6990285267482912E-002
   5.6319470297497551E-002
   5.5704711646252313E-002
   5.6944727144524337E-002
   5.5528748942864276E-002
   5.6237742444114600E-002
   6.0370327700082396E-002
   6.0858961927527100E-002
   6.0251979198737329E-002
   5.7302443936599196E-002
   5.6707802894152871E-002
   5.9692208527420736E-002
   6.3141292833558918E-002
   6.3143392849081811E-002
   6.1174097376602933E-002
   6.0452239341904634E-002
   6.2578574425879330E-002
   6.0653589041513155E-002
   5.8778956081454253E-002
   5.9780777674029471E-002
   5.9608189521417332E-002
   5.8400464257561832E-002
   5.8869364752135049E-002
   5.8252005337508080E-002
   5.9074327313049631E-002
   6.1172661239142785E-002
   6.2440625384634262E-002
   6.1540142933658462E-002
   5.9839544967884149E-002
   6.1392196730527537E-002
   6.1519572606243925E-002
   6.1409377408645827E-002
   5.9521010222674510E-002
   5.8164760285585829E-002
   5.7571995214536847E-002
   5.8195586987568874E-002
   6.1077641719519044E-002
   6.1665420500861011E-002
   6.1315093154689741E-002
   6.2169281951592270E-002
   6.5122321546032078E-002
   6.2083175505531538E-002
   6.1934820179352812E-002
   6.2797051407470203E-002
   5.9993891025552873E-002
   6.0588693567051828E-002
   6.4397467770670458E-002
   6.4770395699159378E-002
   6.2501417245469204E-002
   5.9711797867010689E-002
   5.9990823041476196E-002
   5.9591726228587438E-002
   6.0122338264819032E-002
   5.7698538831961237E-002
   5.7431717368956803E-002
   6.0659748044912649E-002
   6.0473992013793082E-002
   5.7098527064087384E-002
   5.6258746876281421E-002
   5.7765547428305225E-002
   6.0910370916641102E-002
   6.3978281598607356E-002
   5.8502727416438680E-002
   5.7588051247997291E-002
   5.9461870096265995E-002
   5.5667904297485547E-002
   5.5008385363760570E-002
   5.6104566964637254E-002
   5.5146106420450682E-002
   5.6681136828163357E-002
   5.5691836846281859E-002
   5.5599974577416146E-002
   5.7874990270952671E-002
   5.6509073608962707E-002
   5.5012574839554469E-002
   5.7178051562493018E-002
   5.7874730811301664E-002
   5.5270692352128600E-002
   5.5723730638315302E-002
   5.4335692839085147E-002
   5.6280140728140367E-002
   5.7351325366625711E-002
   5.3767902458505261E-002
   5.5532765886392187E-002
   5.5407527921282132E-002
   5.8259634102882617E-002
   5.4251286442285641E-002
   5.3242726705657425E-002
   5.5292690572893669E-002
   5.3137149920150825E-002
   5.5738511811081144E-002
   5.6011884549520670E-002
   5.5507173069562425E-002
   5.5361623219736533E-002
   5.7275197319681816E-002
   5.5736094306725076E-002
   5.5631943785337382E-002
   5.6578952032139279E-002
   5.4738664748508477E-002
   5.5424965696043049E-002
   5.6336235666321302E-002
   5.6773136268137299E-002
   5.5127629716773111E-002
   5.3589570004524127E-002
   5.4361445791762449E-002
   5.5880651617910441E-002
   5.5620836895584662E-002
   5.6171963737160616E-002
   5.7660877662412423E-002
   5.7933774370990052E-002
   5.9183064466221610E-002
   5.7487446471843499E-002
   5.5432182145760470E-002
   5.7188988058377466E-002
   5.9042346969709683E-002
   5.4669746596878885E-002
   5.3752707842524665E-002
   5.5708152014092273E-002
   5.5683191906231777E-002
   5.6534810464811472E-002
   6.0989425121046929E-002
   5.9680604845427948E-002
   5.9253404615889502E-002
   5.8885326531850926E-002
   5.9244004142535694E-002
   5.8762755669530597E-002
   5.8531052921927292E-002
   5.9223473753950186E-002
   6.1257293555843410E-002
   6.0237343798423597E-002
   6.0368266901336919E-002
   5.9411620643734883E-002
   5.9258977233791338E-002
   6.1236573533293592E-002
   6.3815710715311627E-002
   6.0802489850295058E-002
   6.0353158823157498E-002
   5.9206385229338875E-002
   5.8709267351790002E-002
   5.8363137167758379E-002
   5.6968849621755149E-002
   5.7629256796925758E-002
   5.8677543281512083E-002
   5.8918940663464293E-002
   5.9248039059926261E-002
   5.7502510255120799E-002
   5.5316008554931101E-002
   5.4879919379637765E-002
   5.7951106996185296E-002
   5.8831455123143743E-002
   5.8146625392263139E-002
   5.7939124241958621E-002
   5.8984004231126749E-002
   5.9076894920071087E-002
   5.9249105242760364E-002
   5.8578307652148998E-002
   6.0278181133330992E-002
   6.0863869941034009E-002
   6.0426714534505738E-002
   6.1109847528375942E-002
   6.2433762762092275E-002
   6.1768627458008332E-002
   5.9663186607193684E-002
   6.3188092341533816E-002
   6.0506752377290147E-002
   6.6469605658498326E-002
   6.5562881158587785E-002
   6.0301711417956323E-002
   5.8812177883714289E-002
   6.2715791178402536E-002
   6.2172021782556854E-002
   6.1079303303186741E-002
   6.0359044891045648E-002
   5.9314808935902845E-002
   5.9375119421879223E-002
   5.7625221074774031E-002
   5.6762371440048573E-002
   5.7068444780771957E-002
   5.9689349695525834E-002
   5.8150483200002864E-002
   6.1749779757346593E-002
   6.0906309224923398E-002
   6.1767385957065442E-002
   6.0552121685487875E-002
   5.9242373169361866E-002
   5.9358293551636923E-002
   6.2609326880236682E-002
   6.2484250932751326E-002
   5.9826046675387635E-002
   5.8055714407833997E-002
   5.7219846926426468E-002
   5.6941788551374259E-002
   5.7079730404049178E-002
   5.6275483715781262E-002
   5.9570847144729870E-002
   5.9591880708598576E-002
   5.9179429155461032E-002
   5.7747022568097259E-002
   6.2281938040148310E-002
   6.5431055836185206E-002
   6.2521129837177850E-002
   6.2836771055601842E-002
   6.2103866584419062E-002
   6.0633726818295312E-002
   5.9763656999307115E-002
   5.8608111373196929E-002
   6.1575974839863712E-002
   5.9879967202105061E-002
   6.1982567885176948E-002
   6.3806464391556503E-002
   6.2357128816293322E-002
   6.1861303423597143E-002
   6.3941233603150655E-002
   6.5874140663937500E-002
   6.2492249648451882E-002
   6.1502335881792533E-002
   6.3170433038840429E-002
   6.4760315820556164E-002
   6.3429844779282540E-002
   6.1535655293694605E-002
   5.9320808155785672E-002
   5.8706381236864974E-002
   6.1506850194528173E-002
   6.5321742075419006E-002
   6.8469651239578530E-002
   6.6720751710013043E-002
   6.1321774717019162E-002
   6.3463113631097121E-002
   6.4207468345751417E-002
   6.1432252309855169E-002
   6.0568103980093789E-002
   5.7065997259408890E-002
   5.6625242146541688E-002
   5.7379323662359850E-002
   5.8243254840642328E-002
   5.7320718542719654E-002
   5.7075731371057925E-002
   5.6705948900215797E-002
   5.4872218634204668E-002
   5.5888516579379433E-002
   5.7408873238536134E-002
   5.7397875959172263E-002
   6.2188517340834810E-002
   5.6337363021517435E-002
   5.4192520980531476E-002
   5.4513064431324441E-002
   5.5706423753197738E-002
   5.6475945192478512E-002
   5.6777247266906437E-002
   5.9461986476272481E-002
   6.2182324795209541E-002
   5.8750654188562519E-002
   5.8507780906747874E-002
   5.9193025767749832E-002
   5.9376401904623462E-002
   5.8857715257746322E-002
   6.0934832428192406E-002
   6.1480666440953298E-002
   5.9603279684364630E-002
   5.5990543387718750E-002
   5.7167541469278930E-002
   6.2136026286217463E-002
   6.1025805796830070E-002
   5.8932808621717479E-002
   5.7434642540618364E-002
   5.6717353205999577E-002
   5.6924145386560508E-002
   5.7985617466046815E-002
   5.7673432363779205E-002
   5.6986521416115384E-002
   5.6626286188915270E-002
   5.7029206725935228E-002
   5.8509064984840486E-002
   5.8091485572035521E-002
   5.7144490336683146E-002
   5.6544804464034815E-002
   5.7020307128395530E-002
   6.0236259665369475E-002
   6.0064781080750515E-002
   5.7515871097639205E-002
   5.8179556921628753E-002
   5.7769137620457767E-002
   5.7225740712195529E-002
   5.6497694189917534E-002
   5.5689007886060460E-002
   5.3938299440355171E-002
   5.4335257957870864E-002
   5.8488871580779186E-002
   5.8318625132977267E-002
   5.6155237406668494E-002
   5.8679084638610830E-002
   5.6238764305408064E-002
   5.7751183973601274E-002
   5.9853496251379666E-002
   5.9558967454390321E-002
   6.0009492050652334E-002
   5.9071825487908923E-002
   5.8669737817001674E-002
   6.0607458673417575E-002
   6.2586279360027697E-002
   5.8193076631785912E-002
   5.5507047070469488E-002
   5.5851415444978340E-002
   5.2444404001111250E-002
   5.1671597343472306E-002
   5.3141250892116750E-002
   5.3397996734404873E-002
   5.1005305417380811E-002
   5.1015381083679520E-002
   5.4640718714721835E-002
   5.4707651410318241E-002
   5.7578788556070445E-002
   5.3821451732251703E-002
   5.1423760520551587E-002
   5.1496717789907824E-002
   5.0815544360747603E-002
   4.9063216906848617E-002
   5.0490519544282735E-002
   4.9242968105334246E-002
   5.1293630480356352E-002
   5.3728670661578624E-002
   5.4567912872799509E-002
   5.3553842657948290E-002
   5.2154336796875464E-002
   4.9975545748874667E-002
   5.1365586481808591E-002
   5.1802030450708761E-002
   5.1937163215290252E-002
   5.1931961698505572E-002
   5.5534024350975202E-002
   5.3577301165456497E-002
   5.2640863497473447E-002
   5.6077801647242062E-002
   5.9715894631703743E-002
   5.5806220755928129E-002
   5.3907133152325447E-002
   5.5116426817880593E-002
   5.7034123910306475E-002
   5.6937746516051525E-002
   5.8955853514024721E-002
   5.8922981263595853E-002
   5.7726716820447700E-002
   6.0262814978424499E-002
   6.0972209564752633E-002
   5.8867470571825987E-002
   6.0356565870933986E-002
   6.1438096062514727E-002
   5.9653685083103085E-002
   5.8789305747347614E-002
   5.8806153439363365E-002
   5.6164334709269174E-002
   5.5828614386257212E-002
   6.0294934111228250E-002
   6.0955009723960459E-002
   5.9383774431495846E-002
   5.8684928654459588E-002
   5.6287901437712812E-002
   5.5111008165764162E-002
   5.5431800053823158E-002
   5.3089823234570975E-002
   5.4877338609810172E-002
   5.2080567312404930E-002
   5.3356598966702404E-002
   5.7250075568767766E-002
   5.8354784856544384E-002
   5.6833500786692075E-002
   5.5994175114972539E-002
   5.4882349537383135E-002
   5.5593427814826513E-002
   5.5427479426625917E-002
   5.4974551988079719E-002
   5.2914572224219213E-002
   5.2729602268122677E-002
   5.6620774724040326E-002
   5.8191006927600084E-002
   5.7595358814582234E-002
   5.7894709734271146E-002
   6.3610725852197347E-002
   6.2540864749966701E-002
   5.9502079115409334E-002
   5.8309460256291960E-002
   6.3403287445813986E-002
   5.6660312047146312E-002
   6.0001051808696158E-002
   5.2896095165847153E-002
   5.4714336100575189E-002
   5.6574429162237677E-002
   5.7842321769283118E-002
   5.6038880978683640E-002
   5.6650678723638881E-002
   5.7276157781684718E-002
   5.9516796091577347E-002
   6.0452428969854970E-002
   5.7903036134618752E-002
   5.9263166754495646E-002
   5.8050934197083112E-002
   5.9670615166111302E-002
   6.2766020378442408E-002
   6.2095769736387446E-002
   6.1523638052179232E-002
   6.2882086822409020E-002
   6.4408543211696798E-002
   6.1775541820476260E-002
   6.2253351814869705E-002
   6.0648800005760249E-002
   5.8835188952229944E-002
   5.9938490174673904E-002
   5.9566887039339676E-002
   5.7130566597246656E-002
   6.3394718439021128E-002
   6.2316500376516516E-002
   6.2467289156071110E-002
   5.9768516498796040E-002
   5.9912223995665745E-002
   6.1113930482604231E-002
   5.9165690018531066E-002
   6.0143658325933026E-002
   6.0580027562628758E-002
   6.0533723884187943E-002
   5.8258730787457802E-002
   5.6825702646198684E-002
   5.6434783834263508E-002
   5.9863140212702184E-002
   6.2285703834801774E-002
   6.0859813374431873E-002
   5.8963987962790371E-002
   6.0139654350960296E-002
   5.8309698812239914E-002
   5.5224369052043754E-002
   5.4131717951681160E-002
   5.5129482977748709E-002
   5.7437839944666620E-002
   5.6439018203439169E-002
   5.8711866560436823E-002
   5.4679971386580678E-002
   5.3063421677416171E-002
   5.3502579992005757E-002
   5.5956050533016319E-002
   5.7390046612763070E-002
   6.0067794537647684E-002
   6.6061692227536800E-002
   6.4655364758753872E-002
   5.6795974748089978E-002
   5.5617025538040966E-002
   5.6528458222071691E-002
   5.6986034054061344E-002
   5.9049395448512156E-002
   5.8302398878368834E-002
   5.7378419159568469E-002
   6.0114310308813430E-002
   6.0997746024034051E-002
   6.0244955548905271E-002
   5.8013112683091873E-002
   6.2878953986914649E-002
   6.3055551667826476E-002
   6.0614950575425597E-002
   5.9375829280694209E-002
   6.0810506887497964E-002
   6.1183934015967202E-002
   6.0796342427526094E-002
   5.9974121910763151E-002
   5.9469090184511450E-002
   5.8423455722088548E-002
   5.7751776872511713E-002
   5.9452787882259932E-002
   5.9441551324909525E-002
   5.9591884530198432E-002
   5.6041074444379738E-002
   5.5680719346968229E-002
   5.5443344860796835E-002
   5.5977563882355384E-002
   5.8205165009622584E-002
   5.7142261377439281E-002
   5.7401537466322684E-002
   5.6292500015222922E-002
   5.5714669957514194E-002
   5.4569734866544366E-002
   5.5260020316744873E-002
   5.7632526384558860E-002
   6.0246110632613474E-002
   5.9839261317802976E-002
   5.7183473263307340E-002
   5.6517077164416459E-002
   5.8804961569984063E-002
   5.9524673218691364E-002
   5.8839363640585361E-002
   5.8680695920033110E-002
   5.5998441215699538E-002
   5.9533665312445479E-002
   6.1552035812515747E-002
   6.0260547929389764E-002
   6.2199800983697331E-002
   6.1611361545422461E-002
   5.9154417135594772E-002
   5.6855853886323159E-002
   5.7378397429730540E-002
   5.6992596991286240E-002
   5.7584601777082682E-002
   5.7881083657898347E-002
   5.9000856863316090E-002
   5.8966152373192873E-002
   6.0792161645455825E-002
   6.2414776363949070E-002
   6.1709779673840712E-002
   6.2729433323846923E-002
   5.8896076000539331E-002
   5.9484031197256225E-002
   6.3613065610945610E-002
   6.0731527227513731E-002
   6.2482571052457928E-002
   6.1455414232536448E-002
   6.1837323819740962E-002
   6.2195789055061984E-002
   6.0076497837707764E-002
   6.0363206559781279E-002
   6.1988669555150429E-002
   5.9849163687675982E-002
   6.1699353607137915E-002
   6.4348959201454753E-002
   6.3727185392163752E-002
   5.9711434630313073E-002
   5.8250147620116488E-002
   5.5792349392343850E-002
   5.5852667553940902E-002
   5.7602636842292637E-002
   5.9834635632153889E-002
   6.0479447918996766E-002
   5.9265201685389117E-002
   5.8369399043708803E-002
   5.6596222038093343E-002
   5.8983667875974227E-002
   5.9680072027411810E-002
   5.8783137060332696E-002
   5.7525039180277571E-002
   5.7759094525666257E-002
   5.9850316376667573E-002
   6.4134129554197686E-002
   6.2976720003551992E-002
   6.3856741725092411E-002
   6.3041457618999264E-002
   6.2437092820520089E-002
   6.1913391044243177E-002
   6.1225810529556147E-002
   5.9959941664553193E-002
   6.1777762400996278E-002
   6.4281315444583875E-002
   6.4364896081007289E-002
   6.3061829459695934E-002
   6.4582521776740856E-002
   6.3574799843469476E-002
   6.3699586378282907E-002
   6.0387605466848779E-002
   5.9109321825595973E-002
   6.1887209832112017E-002
   6.2091458787323889E-002
   6.4415372576199947E-002
   6.3237782768678696E-002
   6.0659232864731100E-002
   5.8563904869794084E-002
   5.7738836403014457E-002
   5.8844293619444321E-002
   6.2335767847083640E-002
   6.5328206366538133E-002
   6.3726079148245754E-002
   6.0135309339478665E-002
   5.8091084982428182E-002
   5.8684335944573514E-002
   6.1087410581880032E-002
   5.9644242082233456E-002
   6.2009958997223225E-002
   6.5283404193106520E-002
   6.2254186157640619E-002
   5.8542120096577388E-002
   5.6943424241596909E-002
   5.4615116009760260E-002
   5.4510179613235683E-002
   5.5497696643285681E-002
   5.7381985823450173E-002
   5.5306570945429165E-002
   5.8822952876026208E-002
   5.9206183883946148E-002
   5.9297724503001380E-002
   5.8764979723358486E-002
   5.3795779496787446E-002
   5.1851748466428080E-002
   5.3340900147356297E-002
   5.3377869172143121E-002
   5.2945130350835153E-002
   5.2488307215023157E-002
   5.5230675177780013E-002
   5.7690312447587017E-002
   5.5165076197702619E-002
   5.5939117161112918E-002
   5.3106261946766327E-002
   5.1136174571650955E-002
   5.1137874321058721E-002
   5.2829467525813578E-002
   5.4407149915172100E-002
   5.4811517667218791E-002
   5.3307901604603483E-002
   5.1328590759121058E-002
   5.4708893163616656E-002
   5.6060047996534884E-002
   5.8167635458969420E-002
   5.7021573490318535E-002
   5.5235669889684043E-002
   5.3035698245486228E-002
   5.4070310080816947E-002
   5.5611647493671278E-002
   5.7144511172276778E-002
   5.7263305778391137E-002
   5.6228848877849999E-002
   5.6395854225091753E-002
   5.6139612549177799E-002
   5.5382785393292965E-002
   5.7651776854961000E-002
   5.8744599413990260E-002
   5.7690439429055926E-002
   5.5000710575807354E-002
   5.5804920663119151E-002
   5.8210678050481433E-002
   6.0042399049423600E-002
   5.9934347235248105E-002
   6.1629915245671150E-002
   5.7577996384223590E-002
   5.9167002923603725E-002
   5.9047815344763270E-002
   5.6726812889571904E-002
   5.7135939630913811E-002
   5.8346228609646271E-002
   6.0104424556457259E-002
   5.8086002354448434E-002
   5.6176689318384820E-002
   5.5305811493316807E-002
   5.7845893627201474E-002
   6.2573306350781191E-002
   5.9658079141947172E-002
   5.9177175402001965E-002
   6.1794345034067756E-002
   6.4633236619980661E-002
   6.0178655587672346E-002
   5.8055184330767153E-002
   5.6295756214379725E-002
   5.7473323713129486E-002
   5.8661213521371179E-002
   5.7759877141014319E-002
   5.7872743508685293E-002
   5.6466478397431713E-002
   5.6654344130051937E-002
   5.8540235431363261E-002
   6.0455407187319933E-002
   6.1316676745193324E-002
   6.1505602319243034E-002
   6.3085644309856123E-002
   6.3173320787554013E-002
   6.3531460760922129E-002
   6.1602438583985217E-002
   5.9231608087382336E-002
   5.9356044394874588E-002
   6.1814350090037752E-002
   6.4966284909709723E-002
   6.3683295367445020E-002
   6.2534761064649516E-002
   6.4522344813711330E-002
   6.0833719174228550E-002
   6.1546364034170825E-002
   6.0349548942845610E-002
   5.8402601246633351E-002
   5.8820420301713347E-002
   5.9810506501132905E-002
   6.0932849132571631E-002
   6.1424837121796319E-002
   6.1949523645021383E-002
   6.3276905597712096E-002
   6.0525488079992737E-002
   6.1920167759082261E-002
   6.4246219334516699E-002
   6.3315986513066691E-002
   6.2803300083042177E-002
   6.2417695397360640E-002
   6.1970923531711714E-002
   5.9184801688118870E-002
   5.7521850791344767E-002
   5.9021398717320581E-002
   5.9368956136765946E-002
   5.9744418455505842E-002
